   5.2332398505739619e-01   7.2116615356301772e-01   4.5392883320931293e-01
   5.0116703082646918e-01   7.2497607681413712e-01   4.7248417461303743e-01
   5.9207594979188227e-01   7.4520957010668176e-01   3.0677152133054164e-01
   5.8502451649434029e-01   7.2879930632314771e-01   3.5580596707118645e-01
   5.8343890010375921e-01   7.3623394335594328e-01   3.4286824072269118e-01
   4.5882038086887222e-01   7.2010490422234441e-01   5.2051204118086569e-01
   4.8296932645846563e-01   7.1990529985882667e-01   4.9847466228026976e-01
   5.2414312616854386e-01   7.3704089460196687e-01   4.2666696963158307e-01
   5.2747158226289603e-01   7.2599294672700998e-01   4.4125726193198228e-01
   4.4303280655082988e-01   7.2106272527334336e-01   5.3271988750287325e-01
   5.6175388449885022e-01   7.0357417152048540e-01   4.3521943708859673e-01
   4.7977509183245159e-01   7.3221941346247088e-01   4.8339486117028357e-01
   3.8596264151716797e-01   7.0122722769371304e-01   5.9942740552470519e-01
   4.0867798574182512e-01   7.1486470496621568e-01   5.6740704750960747e-01
   5.0110862343454532e-01   7.2415575539643906e-01   4.7380226829949645e-01
   5.1433294937703244e-01   7.2550009990105346e-01   4.5728680522040471e-01
   3.5842047519157411e-01   6.7416772526376290e-01   6.4578064478283159e-01
   3.6485318928431426e-01   6.6771404773592336e-01   6.4887602877989980e-01
   3.7261197259435747e-01   6.8670274136666820e-01   6.2417919132156641e-01
   4.3784434936642724e-01   7.1814304667391093e-01   5.4089083024377749e-01
   6.0574350050420112e-01   7.3258624919772242e-01   3.1047093114062946e-01
   5.8542752539731124e-01   7.1205310121867460e-01   3.8762739009524133e-01
   5.9223312612667700e-01   7.3922389458814719e-01   3.2063680073902218e-01
   5.4963764235638479e-01   7.2338321416269047e-01   4.1786982132306438e-01
   5.6451362497552326e-01   7.2443119257115163e-01   3.9563090683986429e-01
   5.6220629780224918e-01   7.2263135991900973e-01   4.0215419477246694e-01
   5.5697517353556114e-01   7.2365852195844493e-01   4.0754999651815771e-01
   5.8984642836976919e-01   7.1354320105083868e-01   3.7807048439880825e-01
   5.5180695514911426e-01   7.2294740030595339e-01   4.1575971502771547e-01
   6.1327971858728969e-01   7.2410862091158734e-01   3.1552288647737414e-01
   6.0411778025170282e-01   7.2854698300006437e-01   3.2289472145772102e-01
   5.8857473139829486e-01   7.2783826635220761e-01   3.5189663765491974e-01
   4.1364653491285513e-01   6.9300473768418658e-01   5.9045827769780646e-01
   3.9909295595294225e-01   6.9052334611062705e-01   6.0324316903295827e-01
   4.0486084553145807e-01   6.8215964612369429e-01   6.0888908099583205e-01
   4.0891535994671790e-01   6.9285427109430753e-01   5.9392018607387131e-01
   3.9559411948811329e-01   6.7463884675058394e-01   6.2319155889779698e-01
   3.8996476124806179e-01   6.8439137833982866e-01   6.1606487177800673e-01
   4.0502365027879295e-01   6.8670097508243255e-01   6.0365355423096656e-01
   7.0632649976386541e-01   6.7625325525536806e-01   2.0924724726467564e-01
   6.5632817753561867e-01   6.8523733217892624e-01   3.1572634030292973e-01
   4.6756301440606979e-01   7.0431090289442666e-01   5.3416381347255915e-01
   4.0993349663350548e-01   6.9017755475665510e-01   5.9633000196866826e-01
   7.6818620257490655e-01   6.1801447749727778e-01   1.6717674412821751e-01
   4.6704548895804149e-01   7.0979048150877233e-01   5.2731962186466097e-01
   4.1730763055078374e-01   6.9836862383550891e-01   5.8149428778465917e-01
   4.2076487877210267e-01   6.9824484303768941e-01   5.7914683454472093e-01
   3.9455508141768864e-01   6.6877342332303158e-01   6.3013363343363460e-01
   4.0913674315931076e-01   6.9042621149143679e-01   5.9658928240672737e-01
   3.7627471343894414e-01   6.8057940960423047e-01   6.2867241648508621e-01
   6.0643044975353610e-01   6.8696799569640854e-01   4.0039615695031716e-01
   4.1667358411294569e-01   7.0451726473148180e-01   5.7448981539949262e-01
   6.5344752657089067e-01   6.7060092964662255e-01   3.5114202707091452e-01
   4.5987216169227674e-01   7.2621292150569905e-01   5.1101114228422639e-01
   4.0925785371701151e-01   7.0805851074177217e-01   5.7546603247897166e-01
   3.0288096797650499e-01   6.4830144111469723e-01   6.9854732172288958e-01
   2.8869612427740154e-01   6.3842036991385542e-01   7.1349420397524110e-01
   3.9279350826407422e-01   6.8946931786969667e-01   6.0856003777926104e-01
   3.3747535393109712e-01   6.7636386959528982e-01   6.5470779848354221e-01
   4.4677313030166665e-01   7.0630567007689293e-01   5.4911389570623803e-01
   4.9222760712918101e-01   6.9687553330581375e-01   5.2160950322978039e-01
   3.6415024805653740e-01   6.7200363855868828e-01   6.4482998271191283e-01
   5.0047524420366851e-01   7.0300010975387583e-01   5.0528741882746009e-01
   5.4927351842076610e-01   7.1274448235450216e-01   4.3622689604709730e-01
   5.3470239998255353e-01   6.9833065669577854e-01   4.7584413138310300e-01
   7.1505743944875300e-01   6.4235625098531846e-01   2.7581027012981135e-01
   4.3162708555535351e-01   7.0646325722993741e-01   5.6089903298103372e-01
   6.9910723955943077e-01   6.5622841290791067e-01   2.8392488036091040e-01
   7.2253245936151900e-01   6.4644025370595637e-01   2.4507517939924797e-01
   7.1843176657834606e-01   6.5356981876366460e-01   2.3812242391750418e-01
   5.5362339034143482e-01   7.2233117174331407e-01   4.1441382698310875e-01
   5.5847405158870533e-01   7.1819308324908759e-01   4.1509689094868585e-01
   5.6901368848779554e-01   7.1969273600973305e-01   3.9782632900342169e-01
   5.5968993417986779e-01   7.1946431124859389e-01   4.1123993290696098e-01
   5.2030387422550095e-01   7.2825777509679923e-01   4.4600951949144968e-01
   3.8370083940416566e-01   6.8148608274171618e-01   6.2317765113159296e-01
   3.8807718731897389e-01   6.8350686282198336e-01   6.1823495950798868e-01
   7.8306385333272788e-01   5.9921445427079389e-01   1.6659243499227258e-01
   7.4945504558980491e-01   6.2165971372752116e-01   2.2771986072409212e-01
   7.5264192367713001e-01   6.3936795683939140e-01   1.5728556987407097e-01
   7.5246459111204611e-01   6.2319519417267100e-01   2.1313092005307005e-01
   7.8013336182674331e-01   5.9285938623173018e-01   1.9977408721313106e-01
   7.4639837868336489e-01   6.3124072285123911e-01   2.1077146418120613e-01
   7.2802774664877790e-01   6.4102062342612109e-01   2.4303942160046790e-01
   7.4707768498335358e-01   6.2608024448064681e-01   2.2337963217573517e-01
   7.5617851666354885e-01   6.2933824153048468e-01   1.7924125831915000e-01
   3.4388566272415505e-01   7.4403610658817998e-01   5.7284633460106138e-01
   3.5261974827272735e-01   7.4316379354189832e-01   5.6865357564732955e-01
   3.4517710569894883e-01   7.4261456640645085e-01   5.7391320899788989e-01
   3.4507653442865621e-01   7.4468739559978836e-01   5.7128177655296564e-01
   3.4806127586498242e-01   7.4652725860905145e-01   5.6705414238579988e-01
   3.5412091526589323e-01   7.5018541859098176e-01   5.5840864526323331e-01
   3.6641946901935890e-01   7.5420478530720847e-01   5.4489624199775721e-01
   3.5906691196380985e-01   7.5097516182905044e-01   5.5417258958613713e-01
   3.5327354398514615e-01   7.5064948080515603e-01   5.5832173528094398e-01
   3.5721828778692494e-01   7.5102401756917414e-01   5.5529993688531476e-01
   3.7707628196183696e-01   7.5838059244889611e-01   5.3166940346299629e-01
   3.7688311029079363e-01   7.6141536961211320e-01   5.2745213630810750e-01
   3.5228182360717797e-01   7.4628984458592862e-01   5.6475568578272117e-01
   3.4498977853579627e-01   7.4593315873502763e-01   5.6970674509383001e-01
   3.6991252162132138e-01   7.5258731415907232e-01   5.4477248546029677e-01
   3.9500984019903079e-01   7.7003290982094152e-01   5.0101551267264166e-01
   3.4369442994060651e-01   7.4350571855435976e-01   5.7364918312917235e-01
   3.5002915659092060e-01   7.4591613515937316e-01   5.6664689961664205e-01
   3.6089661959758146e-01   7.5031245555929560e-01   5.5388162001967400e-01
   3.5858918237979748e-01   7.5248546377125891e-01   5.5243047082247521e-01
   3.4896164567867233e-01   7.5319525528639564e-01   5.5760440928968080e-01
   3.5511162004663727e-01   7.4985968725847718e-01   5.5821697101796508e-01
   3.5787850977188396e-01   7.4852923668901195e-01   5.5823557219620157e-01
   3.4385654581568831e-01   7.4281586962987955e-01   5.7444517556134889e-01
   3.5765367207269855e-01   7.4913698015725294e-01   5.5756401947559908e-01
   3.5776909403382712e-01   7.5126971664587572e-01   5.5461255684039457e-01
   3.5811670555014252e-01   7.5226093442176900e-01   5.5304241405953602e-01
   3.6477335809783168e-01   7.5001981819004715e-01   5.5173423814749778e-01
   3.5411858463592844e-01   7.4912932533496501e-01   5.5982611759244227e-01
   3.5664550917619664e-01   7.4803469075121198e-01   5.5968569949319769e-01
   3.6238876626121208e-01   7.5282521063326791e-01   5.4948028565422846e-01
   3.5469664401769652e-01   7.4798693791113036e-01   5.6098648061866363e-01
   3.5574701039877310e-01   7.4510336848675585e-01   5.6414983369848215e-01
   3.5979595346290660e-01   7.4815868040028366e-01   5.5749929220889982e-01
   3.6790218279362247e-01   7.5760994187803643e-01   5.3914298647320458e-01
   3.4953503155689586e-01   7.7862922580305749e-01   5.2111590883396663e-01
   4.0099417244028185e-01   7.8945567312685216e-01   4.6471863943332675e-01
   3.5189598036715708e-01   7.4433186951763863e-01   5.6757315565644428e-01
   3.5147893824364396e-01   7.4417014778210433e-01   5.6804343770620369e-01
   3.4774937869558875e-01   7.6105533067715236e-01   5.4759944600476218e-01
   3.6014994638054704e-01   7.5412640018707766e-01   5.4916790571096652e-01
   3.5871151012253721e-01   7.4925816141379153e-01   5.5672098941968540e-01
   3.4347705795264805e-01   7.4409078901542947e-01   5.7302042578130574e-01
   3.4457788017221691e-01   7.4558933606289646e-01   5.7040566831449924e-01
   3.3395534791170783e-01   7.4709543808497447e-01   5.7473666317174366e-01
   3.4823418425766700e-01   7.4871683148778756e-01   5.6405324142432256e-01
   3.4255608651921127e-01   7.4920468566629961e-01   5.6687535363984909e-01
   3.4995249899215403e-01   7.4625990712081236e-01   5.6624146746170290e-01
   3.4925551849728914e-01   7.4414099677525658e-01   5.6945127949414376e-01
   3.8164945416229945e-01   7.5785554917368814e-01   5.2914899671478799e-01
   3.5197441047082173e-01   7.5300212875038453e-01   5.5596925137196829e-01
   3.4831467010996114e-01   7.5343503656195188e-01   5.5768497941676631e-01
   3.3958125563287511e-01   7.4435861012465876e-01   5.7499115676337675e-01
   3.2789023384774385e-01   7.4176467945987512e-01   5.8504115654632416e-01
   3.6198027693336604e-01   7.4897895316215324e-01   5.5497820392459452e-01
   3.5090897045494235e-01   7.4228224214765026e-01   5.7085897334325009e-01
   3.6206354176852606e-01   7.5209154238203479e-01   5.5069801488605608e-01
   3.4153131366231698e-01   7.4236487886733371e-01   5.7641196067776113e-01
   4.1890674771568254e-01   7.9066631186920555e-01   4.4650187008949671e-01
   4.1057234548535460e-01   7.9117452522933340e-01   4.5329153946526890e-01
   3.8648968419536894e-01   7.5784950511655769e-01   5.2563281062463396e-01
   3.6946849858237885e-01   7.5628496869174577e-01   5.3993154629657270e-01
   3.8547929695985778e-01   7.5606198934360247e-01   5.2893854074469582e-01
   3.8393956102269944e-01   7.5937071037782855e-01   5.2530613712574215e-01
   3.8624110481700469e-01   7.5714017816617241e-01   5.2683636886251139e-01
   3.7891340074226243e-01   7.4947129726711481e-01   5.4287881641364655e-01
   3.7819865338331254e-01   7.5675136656219666e-01   5.3319147384902621e-01
   3.5333176405107919e-01   7.4546056282093265e-01   5.6519484586401780e-01
   3.4414700265281967e-01   7.4309053086612875e-01   5.7391576342018624e-01
   3.4519219677281926e-01   7.4682953277972308e-01   5.6840830065646986e-01
   3.4892168191316009e-01   7.4723212152814966e-01   5.6559509938420804e-01
   3.5181720379677195e-01   7.3952459538914783e-01   5.7387108999072078e-01
   3.4983921131643841e-01   7.5288114702372244e-01   5.5747870334366711e-01
   3.4901173960267545e-01   7.4309489521424155e-01   5.7096478203655399e-01
   3.4557424492892047e-01   7.4636149569630295e-01   5.6879078665514982e-01
   3.5005712887693130e-01   7.4645011094913283e-01   5.6592600080440458e-01
   3.5094447039076160e-01   7.4677277136618381e-01   5.6494991516789983e-01
   3.4946266889202765e-01   7.4724977229373402e-01   5.6523766758578975e-01
   3.5098864800173396e-01   7.4671149319147567e-01   5.6500346451121153e-01
   3.6611361488895999e-01   8.0236022682657604e-01   4.7135855502976054e-01
   3.4241465340095240e-01   7.5032323637138953e-01   5.6547966019784424e-01
   3.8512024498065023e-01   7.5721757147603308e-01   5.2754520787699577e-01
   3.9589448638520125e-01   7.5894832122568612e-01   5.1697678996112639e-01
   3.4621224933641664e-01   7.4514515840111106e-01   5.6999629062021262e-01
   3.2988476380007292e-01   7.3301785688808785e-01   5.9486205467802766e-01
   3.3098988161105691e-01   7.3374385485356597e-01   5.9335120606241942e-01
   3.6725384254226889e-01   7.5520729423665156e-01   5.4294249959797225e-01
   3.6031571326858919e-01   7.4026008538406063e-01   5.6761570869641298e-01
   3.8708495687437411e-01   7.6071313557146225e-01   5.2103815746123427e-01
   3.6644465930621573e-01   7.4883444895601248e-01   5.5223661570263205e-01
   3.8626346041505039e-01   7.5681675604596643e-01   5.2728449333945993e-01
   3.7008676620270281e-01   7.6681800366442299e-01   5.2442915130428713e-01
   3.6808789219179378e-01   7.6249504130324919e-01   5.3208327882931894e-01
   3.6098999835070344e-01   7.5856703246252466e-01   5.4245947162139074e-01
   3.8143609845431037e-01   7.5576438420482894e-01   5.3228441491692158e-01
   3.8497821244407987e-01   7.5970101547780056e-01   5.2406692609375694e-01
   3.5034084913901142e-01   7.4693780653056951e-01   5.6510636397041036e-01
   3.5290128983904345e-01   7.4694341003060405e-01   5.6350352424966454e-01
   3.5250115304906088e-01   7.4589929053248039e-01   5.6513466137038948e-01
   3.5477649352329921e-01   7.5092560486756599e-01   5.5699584881540420e-01
   3.5748636936528910e-01   7.4354563812269425e-01   5.6510475112738112e-01
   3.6147565688143302e-01   7.5048176483066564e-01   5.5327431725933740e-01
   3.6119681015137828e-01   7.5093804325385149e-01   5.5283715462199712e-01
   3.5374414043350683e-01   7.4654369820443389e-01   5.6350473802817880e-01
   3.4943847171312004e-01   7.4983579277784573e-01   5.6181762019005665e-01
   4.4437149410546706e-01   7.6318591930815638e-01   4.6912815711299943e-01
   3.5330238832665389e-01   7.4628378434716514e-01   5.6412581541989026e-01
   3.6185365871352765e-01   7.5211932594131636e-01   5.5079801127202155e-01
   3.9098216671635005e-01   7.6128310791474652e-01   5.1728229711971840e-01
   3.5661965685074198e-01   7.5697296367950140e-01   5.4755305916954855e-01
   3.8011656596616983e-01   7.6507240700737389e-01   5.1978419398249298e-01
   3.4091373242455891e-01   7.5112111510483781e-01   5.6532724813865232e-01
   4.1444253993127073e-01   7.6474664571378848e-01   4.9335580361928083e-01
   4.0339539603140262e-01   7.5940887308710370e-01   5.1046088776442322e-01
   3.5150272314851311e-01   7.4734399326371237e-01   5.6384642532504170e-01
   3.5526812689721615e-01   7.5128670396915720e-01   5.5619497161526332e-01
   3.5262116888412892e-01   7.4718962538132461e-01   5.6335244294962139e-01
   3.5866199609720201e-01   7.4705729271618582e-01   5.5970257633419362e-01
   3.5278636279970804e-01   7.4607553473702970e-01   5.6472389597874117e-01
   3.4885254844672747e-01   7.4499191600332859e-01   5.6858503720368259e-01
   3.5713854758825819e-01   7.4845190891847480e-01   5.5881284690210942e-01
   3.5641339941055156e-01   7.4456368954983865e-01   5.6444167185329808e-01
   3.6257840712666922e-01   7.4386164564476820e-01   5.6143276607635284e-01
   4.5083598112298040e-01   7.6068435722678851e-01   4.6701844374215806e-01
   3.9607155847798131e-01   7.5394442721688415e-01   5.2411365297369183e-01
   3.4017840255101628e-01   7.4339365497670606e-01   5.7588586384648566e-01
   3.5839061095813268e-01   7.5019211608753045e-01   5.5566892925299449e-01
   4.4341778743422727e-01   8.0538541729230306e-01   3.9336369354560086e-01
   3.7217568244337068e-01   7.6045740240259574e-01   5.3215580474980062e-01
   4.2726490413236690e-01   7.6888011179776627e-01   4.7567643979769886e-01
   4.1073451430025465e-01   7.7692148557630647e-01   4.7716890511897242e-01
   3.5864743492079199e-01   7.5003877190859791e-01   5.5571022849915097e-01
   3.5903415882567796e-01   7.6310792445474429e-01   5.3736465126644695e-01
   3.3522657519502919e-01   7.3461012225864220e-01   5.8989076239432181e-01
   3.9776656723931836e-01   7.5985608581616415e-01   5.1419887867904490e-01
   3.4701995427258903e-01   7.3970141965641256e-01   5.7655785580888408e-01
   3.4438833219689408e-01   7.4188991497652845e-01   5.7532254492828727e-01
   3.1901344240719992e-01   7.2906740103237488e-01   6.0555028553820878e-01
   3.9485551708817468e-01   7.5735143799478299e-01   5.2010375887150118e-01
   3.2387184393891771e-01   7.3501760245467207e-01   5.9569803825880674e-01
   3.5639774792757922e-01   7.4827572309317736e-01   5.5952130209808115e-01
   3.8829389589811986e-01   7.5744701720896190e-01   5.2488271692779775e-01
   3.4494739968806798e-01   7.5296134977776508e-01   5.6041100737698468e-01
   3.1315844097224799e-01   7.2863895134397949e-01   6.0911170521684854e-01
   3.2598358105110314e-01   7.3290684277117313e-01   5.9714509518565884e-01
   3.2044147508280113e-01   7.3017962281578008e-01   6.0345254947788873e-01
   3.1005503372850135e-01   7.2463598764855619e-01   6.1544176122864758e-01
   3.0254531201935753e-01   7.2314557835636462e-01   6.2090805009981043e-01
   3.3165107039639030e-01   7.4044884054534099e-01   5.8458795919860396e-01
   2.7960699326252347e-01   7.0385446844012478e-01   6.5299985955248152e-01
   3.4823014919950318e-01   7.4322890747379999e-01   5.7126749801103993e-01
   3.4102788175044380e-01   7.4072473234630487e-01   5.7881504365323844e-01
   3.8822260646478196e-01   7.5619486988280415e-01   5.2673762595111773e-01
   4.3273543627900246e-01   7.8095445145304498e-01   4.5038892853188006e-01
   4.9057256854371972e-01   7.8142694543330671e-01   3.8562998320046288e-01
   5.2320030465618872e-01   7.8827447594196842e-01   3.2385921599683787e-01
   5.2599286884180152e-01   7.9508315358469328e-01   3.0195079203968084e-01
   4.4584609742706466e-01   7.7138632003228336e-01   4.5407532709464427e-01
   4.0221998861887848e-01   7.7849781806253537e-01   4.8183008211121559e-01
   3.8039134538784769e-01   7.7202975297573606e-01   5.0918806434778785e-01
   3.6438583609879927e-01   7.5735473088911298e-01   5.4188262017752375e-01
   3.9671456152959372e-01   7.6001652470347103e-01   5.1477416295696143e-01
   3.4871063573783334e-01   7.5120900654828060e-01   5.6043369010442401e-01
   3.9146400174173762e-01   7.5875166261726257e-01   5.2062640138191674e-01
   4.0937275052373689e-01   7.5711008916623856e-01   5.0911517754956070e-01
   3.9561264013137309e-01   7.5742258649823135e-01   5.1942435871897052e-01
   3.8587521855547802e-01   7.5887834780564289e-01   5.2459886478769624e-01
   3.8000803600824062e-01   7.5771308733296816e-01   5.3053253420831925e-01
   3.6628846337182042e-01   7.5024823694900500e-01   5.5041833595513534e-01
   3.5492919674258711e-01   7.4692897604112019e-01   5.6224760564170095e-01
   3.9284266106216204e-01   7.5794592022379026e-01   5.2076158236347558e-01
   3.8528017320059665e-01   7.5861791535857181e-01   5.2541226349937142e-01
   2.9837669972184255e-01   7.4552543870761079e-01   5.9595567394138127e-01
   3.1360000547562750e-01   7.3326329759916287e-01   6.0330752768359186e-01
   2.8937241225602872e-01   7.1426790089073044e-01   6.3724796804876238e-01
   3.4515095174546634e-01   7.7313632841788915e-01   5.3210059029257306e-01
   3.4502305926899074e-01   7.7186999928388011e-01   5.3401853224225226e-01
   3.3965277778345782e-01   7.4505466437792134e-01   5.7404663367420250e-01
   4.0581518744009670e-01   7.6441773910342148e-01   5.0097859613657425e-01
   3.4319025878685117e-01   7.7714055259558534e-01   5.2751588391748216e-01
   3.2825908260338971e-01   7.4711509026059131e-01   5.7798357813461243e-01
   3.5523955258622197e-01   7.5221515789047366e-01   5.5495695014852331e-01
   3.4472355478101924e-01   7.4777435036398265e-01   5.6744972615806355e-01
   3.3688333851551239e-01   7.4733171005082444e-01   5.7271714779911520e-01
   4.0884092106781683e-01   7.6276799617574631e-01   5.0103301814397005e-01
   3.4302726575496295e-01   7.4595649728313607e-01   5.7086005212288993e-01
   3.4042033889642853e-01   7.4867942909967000e-01   5.6885244598984808e-01
   3.3830467151854571e-01   7.3867931341605153e-01   5.8301185336142158e-01
   3.4013713798062495e-01   7.3870263308456074e-01   5.8191506875169163e-01
   3.3666307313643418e-01   7.3900548621327411e-01   5.8354851257887230e-01
   3.4146453868025467e-01   7.4243789593713705e-01   5.7635747544411864e-01
   3.4487878480301609e-01   7.4213958680810610e-01   5.7470640981729837e-01
   3.5884600965209018e-01   7.4695535915810862e-01   5.5972067389167690e-01
   3.8147976887079305e-01   7.5434660832827127e-01   5.3426059226366285e-01
   3.9902368750910527e-01   7.5717077480515849e-01   5.1717744980576252e-01
   3.7543824217907079e-01   7.5526439595439054e-01   5.3723534741595236e-01
   3.3826525374380556e-01   7.4102832781473504e-01   5.8004623564482916e-01
   3.4103439401831898e-01   7.5096309952912055e-01   5.6546438017100098e-01
   3.4558466617383238e-01   7.4474836235733555e-01   5.7089501247741503e-01
   3.2983776695317996e-01   7.3600487280163562e-01   5.9118852720903481e-01
   3.2929316675038350e-01   7.3548933278518713e-01   5.9213296791405257e-01
   3.3047457522862161e-01   7.3433208664567040e-01   5.9291056800336905e-01
   3.2686594761904098e-01   7.3204598815091992e-01   5.9771843163754768e-01
   3.2787508603627430e-01   7.3600850084121028e-01   5.9227477968100239e-01
   3.2570608144638252e-01   7.3129876518394843e-01   5.9926426937476829e-01
   3.3352470113624533e-01   7.4696406495589240e-01   5.7515733447166217e-01
   3.3868832049570374e-01   7.4162797781821888e-01   5.7903209244139386e-01
   3.4024171857491414e-01   7.4525909502940135e-01   5.7343217054604367e-01
   3.2915043350673789e-01   7.3528095953864980e-01   5.9247101419584136e-01
   3.3343582426772911e-01   7.4018453875999013e-01   5.8390701286725488e-01
   3.6841354053834968e-01   7.5361292569173166e-01   5.4437029803098780e-01
   3.3193546801376317e-01   7.4879090645500346e-01   5.7369941910793176e-01
   3.4651810748246503e-01   7.4721321042570532e-01   5.6709577617196338e-01
   3.3387962074246191e-01   7.3689578587266025e-01   5.8780013577404366e-01
   3.2550492989946783e-01   7.3097372074593192e-01   5.9976992271202689e-01
   3.2374165155294221e-01   7.3270341494648261e-01   5.9861260325483945e-01
   3.4646035385485424e-01   7.4507657046193365e-01   5.6993519575075569e-01
   3.3284388675459176e-01   7.4009883206946359e-01   5.8435320296847204e-01
   3.2180251763766643e-01   7.3530906140647945e-01   5.9645932288428660e-01
   3.1330893945971999e-01   7.2721415193179140e-01   6.1073487348009781e-01
   3.3069699945548642e-01   7.3849795896338155e-01   5.8758851176487237e-01
   3.6029892458643126e-01   7.5098714718268234e-01   5.5335611472927393e-01
   4.0303921296982970e-01   7.6399218895850640e-01   5.0386042513681317e-01
   4.2009719723157757e-01   7.6476965609769054e-01   4.8851378485196656e-01
   4.9960247723768769e-01   7.8773526082636536e-01   3.6037553134027284e-01
   4.7960219095822604e-01   7.8703100766616696e-01   3.8802568394379111e-01
   5.4013069460931507e-01   7.8062619511677034e-01   3.1445441042919559e-01
   5.9460450766445028e-01   7.6687229856213734e-01   2.4156232562868946e-01
   5.9380690803584968e-01   7.6839013710501036e-01   2.3868379326767733e-01
   5.9478427691952529e-01   7.6865416909956297e-01   2.3537721269311077e-01
   5.8788247750075806e-01   7.7408697062616028e-01   2.3491180164986314e-01
   3.5250292894807189e-01   7.8195982189800584e-01   5.1408221328914838e-01
   3.3384015333447931e-01   7.7027823041662946e-01   5.4334353752284315e-01
   5.8849171048104054e-01   7.7113407161750724e-01   2.4296038830579855e-01
   5.9267359013262244e-01   7.7041921480194997e-01   2.3493030673639168e-01
   4.8883723643808152e-01   7.8005980655411722e-01   3.9056990983732026e-01
   4.8985863115322259e-01   7.9416450510199910e-01   3.5964045979392784e-01
   5.8704312875078968e-01   7.7289964524235166e-01   2.4084539308596048e-01
   5.7518831593121034e-01   7.7086153100679855e-01   2.7373509316503919e-01
   6.0146158069088163e-01   7.6561977682707760e-01   2.2818922911496528e-01
   5.9249115023943177e-01   7.7030715313777198e-01   2.3575649877094862e-01
   5.5415141802269841e-01   7.7842702098271521e-01   2.9490266005481863e-01
   4.2918220904170512e-01   7.8023628043281468e-01   4.5500986597924264e-01
   5.9804715905775441e-01   7.6556604974190490e-01   2.3716706985904298e-01
   6.0024406518771556e-01   7.6405890467520554e-01   2.3647632522823653e-01
   5.6118800080039832e-01   7.7509604533161192e-01   2.9033454542811094e-01
   3.5539391706385220e-01   7.7067568638664052e-01   5.2891790490253998e-01
   3.3407570645740731e-01   7.5636645477215791e-01   5.6240840005318338e-01
   5.4613515883847930e-01   8.0157280534075803e-01   2.4334630882472005e-01
   5.5540170931484190e-01   7.8604780036047994e-01   2.7139969940772368e-01
   6.0617991109495384e-01   7.6208357898237589e-01   2.2754018113363336e-01
   4.6233431001310166e-01   7.9469663813757341e-01   3.9332459765128858e-01
   4.5323633679681097e-01   7.9229966763494508e-01   4.0845814923020390e-01
   4.7419184885225107e-01   8.0897215366035480e-01   3.4742789911607763e-01
   4.3792022968719330e-01   7.9117057964674342e-01   4.2693674746050114e-01
   4.7650241556287137e-01   7.9402173341596316e-01   3.7745852066930158e-01
   5.0038215935896146e-01   7.8323008551198403e-01   3.6900992905903368e-01
   5.6310852219530205e-01   7.6608693921885795e-01   3.0987028542489342e-01
   5.9418510329406926e-01   7.7013653375901514e-01   2.3202108178582759e-01
   5.9884041685774292e-01   7.6968225396872825e-01   2.2131286239905418e-01
   4.4769512367052944e-01   7.9078391663736869e-01   4.1740852103100673e-01
   5.7969263213375177e-01   7.6967965810727457e-01   2.6748771213966432e-01
   3.4894884043378377e-01   7.7370075467029298e-01   5.2879282236291447e-01
   3.4089954672326261e-01   7.7791910420612032e-01   5.2785354631282111e-01
   3.4461937305089563e-01   7.7929501013057090e-01   5.2338969697883919e-01
   6.0050350264507690e-01   7.6728010154774884e-01   2.2511505742590934e-01
   5.9671170041725741e-01   7.7060614420713924e-01   2.2383323501069044e-01
   5.9270551089923496e-01   7.6933746772823874e-01   2.3836954104746286e-01
   6.0634191268947446e-01   7.6115688370682111e-01   2.3019488113724509e-01
   5.8791812128165533e-01   7.6868595466498313e-01   2.5194083783585464e-01
   5.8181932595763974e-01   7.7028957600628944e-01   2.6103685762406936e-01
   5.9439448829642616e-01   7.6947324476593104e-01   2.3367951958230962e-01
   6.0203065869145311e-01   7.6349252550863422e-01   2.3374826093039183e-01
   5.9201733178676563e-01   7.6892316456378540e-01   2.4139727807349495e-01
   4.1171759673030789e-01   7.8336583595220988e-01   4.6564641908374527e-01
   3.4813254560449525e-01   7.7700235975249454e-01   5.2447217622099751e-01
   5.9216446335759287e-01   7.7371891394200754e-01   2.2516725016044034e-01
   5.7779311694341084e-01   7.8005554030049118e-01   2.4014259942652183e-01
   5.8554385584734114e-01   7.7721911084437301e-01   2.3036676543657580e-01
   5.8248271479513980e-01   7.8100290868564781e-01   2.2527393011496405e-01
   5.4675844647586669e-01   7.8649151745688817e-01   2.8720427255815389e-01
   5.4804225779017968e-01   7.8547905080701741e-01   2.8752798893246750e-01
   3.3950192661127476e-01   7.7228251720454821e-01   5.3695265661642755e-01
   3.3640262854314079e-01   7.7862927288861217e-01   5.2968832997359572e-01
   5.7276091649260652e-01   7.7785824124015412e-01   2.5861455696329971e-01
   6.0475040690610160e-01   7.6594539950096463e-01   2.1818476191112018e-01
   3.7227245410580617e-01   7.8513072951325391e-01   4.9495753099435330e-01
   5.5797721592937177e-01   7.7664007277055613e-01   2.9238950711448630e-01
   4.4075865226167277e-01   7.8029145028469127e-01   4.4370830854186960e-01
   5.3472601609833348e-01   7.9456771606321319e-01   2.8762863608774070e-01
   5.5567334716828964e-01   7.8233188338734794e-01   2.8139643829017186e-01
   5.5018108284194223e-01   7.8424666857109726e-01   2.8680644852932369e-01
   4.6872417563449270e-01   7.8748504023524035e-01   4.0020614510707758e-01
   5.4556973919869378e-01   7.8378937504616075e-01   2.9669491946344162e-01
   5.7465803960782247e-01   7.7569751344780213e-01   2.6088600028554876e-01
   5.9386320032892626e-01   7.6940258141528917e-01   2.3525766088817385e-01
   6.0040770296194246e-01   7.6790873106475843e-01   2.2321910979680182e-01
   6.0394358503268408e-01   7.6365287871770615e-01   2.2822450991081000e-01
   5.9367808280013845e-01   7.7179390694377392e-01   2.2777291148689519e-01
   6.0096071172396393e-01   7.6459779076887802e-01   2.3288718581231063e-01
   5.9657616976611760e-01   7.7008279526382395e-01   2.2598531391628915e-01
   4.9707476282922147e-01   7.9993272844895247e-01   3.3619088344939951e-01
   5.7230309508710575e-01   7.7778595006392903e-01   2.5984261243466356e-01
   5.0617330457575926e-01   8.2842741948720866e-01   2.3978447901526101e-01
   3.8900744087962097e-01   7.8854806792216581e-01   4.7630363794171005e-01
   3.9499890616652844e-01   7.8766778383562364e-01   4.7281637707964730e-01
   5.5409835559133980e-01   7.7916055603563850e-01   2.9305944831929182e-01
   5.7993883242555455e-01   7.8586017751294834e-01   2.1469683752724936e-01
   5.6009533468099926e-01   8.0075799377025580e-01   2.1232016268271448e-01
   6.1730838543971089e-01   7.5557546333469994e-01   2.1917134044480113e-01
   5.2664194938233877e-01   7.8361598434071711e-01   3.2953641109367426e-01
   5.1938357388356904e-01   7.8255771194727242e-01   3.4328432916720947e-01
   5.3680062713976173e-01   7.8143987070378218e-01   3.1811446866939991e-01
   3.3611458171941783e-01   7.7056800634551104e-01   5.4152740978853986e-01
   4.4440688069752426e-01   7.9921230345140215e-01   4.0467544823055462e-01
   4.0646776271294865e-01   7.7657687248842577e-01   4.8136505792508999e-01
   3.9602114025243196e-01   7.8275038038958711e-01   4.8007197218033909e-01
   4.6250887171559546e-01   7.8712966161023212e-01   4.0805935768920726e-01
   4.6087430756297104e-01   7.9387857011111040e-01   3.9667579778288803e-01
   3.6943320503279520e-01   7.7535033958649724e-01   5.1220206747171593e-01
   3.4853268181466385e-01   7.4563167091483828e-01   5.6794223388987786e-01
   3.4668733736926166e-01   7.4368666638578662e-01   5.7161003520565268e-01
   3.4217705895864664e-01   7.4084136595949313e-01   5.7798696421777829e-01
   3.4586115838325315e-01   7.4423816081893601e-01   5.7139270130326447e-01
   3.4365694899383159e-01   7.4334895741809770e-01   5.7387475019700784e-01
   3.4208695320716187e-01   7.4103036958954593e-01   5.7779798181667452e-01
   3.4186154313652622e-01   7.4100092440457843e-01   5.7796913010633488e-01
   3.4713159112739150e-01   7.4251072171140919e-01   5.7286777408488221e-01
   3.4659226104786511e-01   7.4318184576861057e-01   5.7232381455054748e-01
   3.7914341078724323e-01   7.8190535762582014e-01   4.9484773998943760e-01
   3.7294398162969628e-01   7.5831613594897596e-01   5.3466758320063035e-01
   3.4582809463086911e-01   7.3974775277334937e-01   5.7721416409402349e-01
   3.4613340444944590e-01   7.4092706544678522e-01   5.7551607276656602e-01
   4.1386021686878188e-01   7.8892418964195743e-01   4.5422279103002472e-01
   3.6797606275438471e-01   7.7710063420381459e-01   5.1059594745729264e-01
   3.9883350395398004e-01   7.8361256970165749e-01   4.7632255534391377e-01
   4.0281638104948786e-01   7.8358956428158355e-01   4.7299720708180898e-01
   3.3372368168878674e-01   7.4148868086081865e-01   5.8208508006593340e-01
   3.3204828321494129e-01   7.4127014525133439e-01   5.8332024598249266e-01
   3.3279212345954506e-01   7.3571611966913419e-01   5.8989083212258775e-01
   3.3404335159140169e-01   7.4101421243392340e-01   5.8250577355809574e-01
   3.3449917816956148e-01   7.3389818561554210e-01   5.9118842423892504e-01
   3.3277421217823283e-01   7.3812725083616915e-01   5.8688115090041482e-01
   3.3099492768850169e-01   7.3460888033663174e-01   5.9227708952401992e-01
   3.3781227164802419e-01   7.3164985241744385e-01   5.9209067091243228e-01
   3.3407386258103056e-01   7.3669886239543336e-01   5.8793659563380218e-01
   3.4449791128035062e-01   7.3800080617912911e-01   5.8023788156447631e-01
   3.3520476425682544e-01   7.3814633990595935e-01   5.8547224264089737e-01
   3.3727857120894195e-01   7.3748879067908280e-01   5.8510977519262031e-01
   3.3894600934259506e-01   7.3944763852364337e-01   5.8166381409929280e-01
   3.5745209036223685e-01   7.4559838819538093e-01   5.6241536840320894e-01
   3.3353062790977800e-01   7.3436264625297409e-01   5.9115888222578405e-01
   3.3697113817480873e-01   7.3569988997337332e-01   5.8753393427983391e-01
   3.3996202345916859e-01   7.4049713215225021e-01   5.7973254167748833e-01
   3.3711713736635168e-01   7.3721625009601310e-01   5.8554610090776704e-01
   3.3527406132645304e-01   7.3497805289294849e-01   5.8940526428541185e-01
   3.3316326743117308e-01   7.3616195877593271e-01   5.8912461133937233e-01
   3.3459315271398216e-01   7.3488379141363713e-01   5.8990951448034445e-01
   3.9754943532908821e-01   7.9383644403612896e-01   4.6019359685853634e-01
   3.3107512030434461e-01   7.3653324491527850e-01   5.8983730286413227e-01
   4.1502994623160128e-01   7.6608719013709980e-01   4.9077546886416107e-01
   3.3067111800203208e-01   7.3293662428339779e-01   5.9452545488258401e-01
   3.3686522807785368e-01   7.3681768287284855e-01   5.8619239189701389e-01
   3.4203057361497263e-01   7.3792045372149262e-01   5.8179763723487143e-01
   3.4003006590045798e-01   7.4023211343839257e-01   5.8003100996262358e-01
   3.3976440010912429e-01   7.3957404741077160e-01   5.8102528414427612e-01
   3.9814150315355562e-01   7.5848496847871905e-01   5.1593012710876252e-01
   3.3360557202737606e-01   7.3603747550855725e-01   5.8902984386130819e-01
   3.5054368387538298e-01   7.5906350390258615e-01   5.4858155522967034e-01
   3.3198795782033053e-01   7.3575502030706486e-01   5.9029530402607566e-01
   3.3330503393307126e-01   7.3442741656318911e-01   5.9120565301356354e-01
   3.2904794507629120e-01   7.3424537018656799e-01   5.9381073264185757e-01
   3.3320789604278817e-01   7.3489927310416947e-01   5.9067381557480736e-01
   3.2951279066586942e-01   7.3598467547738866e-01   5.9139485815319182e-01
   3.3057594249492517e-01   7.3519109149600426e-01   5.9178848014176977e-01
   3.3039581553021125e-01   7.3201861914713995e-01   5.9580814554858275e-01
   3.2987557992505123e-01   7.3262914162175186e-01   5.9534581766876160e-01
   3.4192293974154520e-01   7.5286163711169696e-01   5.6239493120403838e-01
   3.5539894059192700e-01   7.5699807874667402e-01   5.4831150070008583e-01
   3.3019931499249311e-01   7.3517953082766174e-01   5.9201306559104527e-01
   3.3412099688992380e-01   7.3651590590635663e-01   5.8813899699324690e-01
   3.3771514924287882e-01   7.3543351828732018e-01   5.8744022517307593e-01
   3.4042470359535343e-01   7.3791719635324959e-01   5.8274285281603888e-01
   3.3545347383496493e-01   7.3481958807381664e-01   5.8950075477057795e-01
   3.3868512773614928e-01   7.3930185534760273e-01   5.8200098877058681e-01
   3.4768955223462494e-01   7.4273117830640745e-01   5.7224328046597606e-01
   4.6474771972509288e-01   7.9475504511203232e-01   3.9035109232497117e-01
   3.2983118613888929e-01   7.3515993746547503e-01   5.9224256432307554e-01
   3.3919496887062756e-01   7.3661159172864388e-01   5.8510694409128983e-01
   3.2974984347934166e-01   7.3558094639268257e-01   5.9176491280693133e-01
   3.9804242644151488e-01   7.6766542208232091e-01   5.0224697758346282e-01
   3.3182557902847293e-01   7.5024049298173867e-01   5.7186623242934742e-01
   3.2582430231830334e-01   7.3510211148535709e-01   5.9452788808310786e-01
   3.2676294637318154e-01   7.3339584459122753e-01   5.9611786755123974e-01
   3.2567628266187504e-01   7.3090294162959746e-01   5.9976316061320722e-01
   3.2563805456265299e-01   7.3549945044238152e-01   5.9413838103560135e-01
   3.3016038252446411e-01   7.4592461117693309e-01   5.7843806604669490e-01
   3.2722652341819314e-01   7.4248283658686609e-01   5.8450153100360969e-01
   3.2409507078897704e-01   7.4078615448738250e-01   5.8838614736419814e-01
   3.2630554166781961e-01   7.3392344485818184e-01   5.9571895266507191e-01
   3.2785967304503050e-01   7.3341000914704546e-01   5.9549793725397260e-01
   3.2696178209569543e-01   7.3336886208678642e-01   5.9604203305667891e-01
   3.2603070529464517e-01   7.2970286393610573e-01   6.0103053963049291e-01
   3.2561308287416335e-01   7.2953897058038586e-01   6.0145574289858938e-01
   3.2348394060420127e-01   7.3002184094826383e-01   6.0201848136887404e-01
   3.2390931113207982e-01   7.2880813080515139e-01   6.0325903775595680e-01
   3.2527443445876342e-01   7.3028170247944146e-01   6.0073719487914212e-01
   3.2452249718237047e-01   7.3094609110618791e-01   6.0033570668343805e-01
   3.2304839386998052e-01   7.3012855185356362e-01   6.0212293843221421e-01
   3.2619321346699143e-01   7.3040184955604404e-01   6.0009259756573230e-01
   3.2379454884590020e-01   7.3026185580775271e-01   6.0156023147303972e-01
   3.2317253940251695e-01   7.3618037535096503e-01   5.9464103854698835e-01
   3.2263770933621849e-01   7.3646489648149527e-01   5.9457914928525546e-01
   3.2100461385855861e-01   7.2915137172580868e-01   6.0439582641832434e-01
   3.2241260754020623e-01   7.3188409229219553e-01   6.0032973102183929e-01
   3.2084307244807386e-01   7.3263334347739528e-01   6.0025670082658211e-01
   3.2129986831508245e-01   7.2959732308982339e-01   6.0370037333173354e-01
   3.2699030601990653e-01   7.4476619246447640e-01   5.8172214873681261e-01
   3.2467891062385618e-01   7.3629363325296138e-01   5.9367945107377551e-01
   3.2247873259753795e-01   7.3021784600239092e-01   6.0231998505936546e-01
   3.2081474838934615e-01   7.3205210032764645e-01   6.0098054845540694e-01
   3.2144209048110250e-01   7.3113147779213161e-01   6.0176552298103014e-01
   3.2197407952515239e-01   7.3186170313283261e-01   6.0059232396147111e-01
   4.9069309880219020e-01   8.1305084344753498e-01   3.1331870157581682e-01
   5.1513257317539707e-01   8.2344958346936403e-01   2.3784283789474298e-01
   5.8508772189596991e-01   7.7694488330127942e-01   2.3244140336554797e-01
   5.8868255949449755e-01   7.7328019522255897e-01   2.3556439421858391e-01
   5.8042953983254009e-01   7.7693087574586928e-01   2.4388514428423508e-01
   3.1853738991981212e-01   7.3151033904051521e-01   6.0284870000681279e-01
   3.3901006898329217e-01   7.3696726057619488e-01   5.8476613271184097e-01
   3.1755011487781060e-01   7.2663494023435948e-01   6.0923196581572947e-01
   3.3607901472467305e-01   7.4579213184767190e-01   5.7519126552460575e-01
   3.1855894291828546e-01   7.2866462833143786e-01   6.0627391441937528e-01
   3.2453912018731101e-01   7.3059595409043265e-01   6.0075278720513359e-01
   6.7337656167660820e-01   7.2129364505814486e-01   1.6217115583026423e-01
   5.0537607955569719e-01   8.1644296824022478e-01   2.7931326109586130e-01
   6.4781526349821894e-01   7.3957612900067460e-01   1.8265413707636294e-01
   6.5136261207333901e-01   7.3751047331953812e-01   1.7833970207720870e-01
   6.1239142972985272e-01   7.6615939331814353e-01   1.9487565477452842e-01
   4.3216008218225171e-01   7.7893231811893793e-01   4.5442502919413152e-01
   4.0619874584396254e-01   7.6642219482603680e-01   4.9759380839479134e-01
   4.8271229557879169e-01   7.9831817574056696e-01   3.6010683134218158e-01
   3.6299703814548639e-01   7.5682522630434124e-01   5.4355195439533377e-01
   3.5223444627995126e-01   7.4715695500758028e-01   5.6363763131790345e-01
   6.1181393839882070e-01   7.4156742773881834e-01   2.7524798799947003e-01
   3.8892622633357499e-01   7.7068655623784776e-01   5.0475600294020417e-01
   5.0912457454406745e-01   7.7877047497555874e-01   3.6648153418919333e-01
   5.8363239761871943e-01   7.5502139360634835e-01   2.9885769129562728e-01
   3.9894613109458882e-01   7.8155154694970541e-01   4.7960313170910568e-01
   4.7757753369618278e-01   7.8728698445746259e-01   3.8999859411611548e-01
   3.4194915016534844e-01   7.4340983232213520e-01   5.7481527459521375e-01
   3.3381597370100508e-01   7.6925862469246942e-01   5.4480093982876010e-01
   3.7349562654188873e-01   7.7842128892196971e-01   5.0454069598709417e-01
   3.7473236967163920e-01   7.9340858676964288e-01   4.7966495135716974e-01
   3.1672635031564922e-01   7.7054299951462857e-01   5.5312557788871763e-01
   3.4412331460923706e-01   7.7882283217767823e-01   5.2441790627427276e-01
   3.3942744058565277e-01   7.7057375230095937e-01   5.3944888992590634e-01
   4.4555688868835042e-01   8.0030014530928251e-01   4.0124647831513538e-01
   4.4308353797596672e-01   7.9616081632602165e-01   4.1207394108555667e-01
   3.9308463382302566e-01   7.7633247342276201e-01   4.9273964865993314e-01
   3.4332551335047201e-01   7.6971481850978007e-01   5.3820692121998148e-01
   3.5814782624979175e-01   7.7816476877895446e-01   5.1593577815823655e-01
   3.3892984116873226e-01   7.7055318757826552e-01   5.3979102241359311e-01
   3.8093645807913001e-01   7.8004006671205062e-01   4.9641203574247372e-01
   3.8116546827850833e-01   7.8097318635566459e-01   4.9476637717765942e-01
   3.7958302487627071e-01   7.7801460595678995e-01   5.0060962849677726e-01
   5.9584792894266581e-01   7.6647960529339565e-01   2.3973789905648224e-01
   5.9770739367746517e-01   7.6571500776106061e-01   2.3754241396594974e-01
   5.6547936547168598e-01   7.8236039003683167e-01   2.6104656160761086e-01
   5.4832122696710006e-01   7.8159696164263337e-01   2.9740548348727164e-01
   5.7958465877952625e-01   7.6876940791472925e-01   2.7032428814639764e-01
   3.4966305472291181e-01   7.8045269238436654e-01   5.1829464893227972e-01
   5.9130959123114046e-01   7.7304827545644617e-01   2.2967222542544427e-01
   5.9175031225373265e-01   7.7427724169887202e-01   2.2433528686944565e-01
   6.0812959975755965e-01   7.6012507810006569e-01   2.2888480845630454e-01
   5.8953726390672390e-01   7.7100769751467579e-01   2.4081724364856449e-01
   3.5012261080044327e-01   7.7884025322030070e-01   5.2040562772708288e-01
   5.9410665319770251e-01   7.6987757994620587e-01   2.3307894911895891e-01
   5.9284127748654958e-01   7.6731537807149708e-01   2.4447153266405355e-01
   5.7998604030209822e-01   7.7572893323010128e-01   2.4871834513035410e-01
   5.7821205002224085e-01   7.6995391437167315e-01   2.6989219135205805e-01
   5.0670233758082139e-01   7.8720325521769496e-01   3.5151639515788741e-01
